453 290
520 307

240 248
307 267

294 243
367 262

538 265
612 287

488 258
557 278

308 252
371 269

493 309
569 328

282 267
367 290

498 233
572 253

291 305
367 326

488 311
564 334

526 280
597 302

264 225
343 242

242 246
314 267

555 276
609 290

242 295
305 313

400 262
473 283

475 330
549 355

214 268
280 288

394 264
470 288

411 304
481 325

369 335
440 356

273 324
338 341

285 276
353 295

493 259
565 281

288 326
360 347

389 254
470 276

470 216
552 239

265 302
340 327

494 276
564 297

404 259
473 278

505 250
576 271

467 223
550 247

299 214
380 236

466 238
547 261

304 341
375 360

487 331
567 355

488 235
564 259

332 249
411 272

259 335
328 353

294 320
359 340

399 360
470 382

397 269
474 289

400 276
476 298

449 252
516 272

401 258
487 281

467 240
549 263

408 248
482 269

450 248
532 273

350 278
428 300

339 261
417 285

404 260
490 286

338 229
428 255

434 345
516 369

439 227
528 253

324 268
398 288

277 272
351 294

447 241
525 263

294 337
372 358

467 298
551 324

286 250
363 270

480 343
561 365

400 326
477 348

399 268
475 291

409 280
490 304

407 245
479 267

393 267
472 291

405 240
487 266

398 295
481 320

404 259
484 286

396 318
456 334

412 310
478 330

287 240
364 262

478 238
553 261

270 260
351 284

511 320
584 343

527 338
592 357

309 250
387 272

480 323
556 347

390 261
464 284

313 323
395 347

313 263
392 286

315 270
374 288

384 253
463 278

390 331
468 354

283 256
350 274

440 296
532 321

398 268
470 289

352 256
428 277

403 315
486 340

254 252
332 277

452 258
529 278

468 313
543 335

322 268
396 291

459 340
541 364

324 267
399 291

399 266
482 290

368 338
440 361

386 264
460 288

388 253
465 275

393 315
462 337

390 317
467 343

400 287
476 311

409 257
476 279

404 279
480 300

404 242
471 261

481 269
548 290

404 343
465 361

479 346
542 367

404 322
475 347

312 263
384 285

437 275
513 298

455 278
530 298

401 244
475 265

320 271
397 296

461 293
530 313

296 338
364 359

434 247
512 271

313 262
393 282

321 314
392 333

448 327
525 353

300 260
373 280

450 254
527 276

396 297
475 321

443 342
522 368

386 259
475 286

